[  99953  109598  118935  128064  137037  146164  155573  160171  162536
  164682  173828  182987  192218  196665  198805  201123  210533  219468
  228750  237853  247078  251573  253894  256076  265448  283723  288289
  290523  292646  294927  297218  299437  301664  303812  306330  328859
  338880  347678  356667  365809  375003  383965  393100  397477  399694
  401930  411237  420300  430027  432155  434359  443744  445904  447989
  452869  454973  457123  466469  475812  484973  494067  502900  511696
  516655  518776  520950  523071  525478  535208  544244  553076  562218
  571468  580837  583030  585076  587323  589668  592123  594253  596514
  598926  603689  612232  621846  631418  639885  649691  651807  654015
  656362  658450  660699  662980  665271  667478  669789  671978  685832
  698370  712321  763050  769005  775082  781014  787368  793276  798887
  804700  810614  815818  821718  827369  832859  838268  843586  848814
  854655  859953  865364  870427  875618  880973  883513  885847  888335
  896246  901509  906274  911568  916868  921817  926442  930918  941937
  944189  946277  959846  962127  964527  978323  980628  982828  985164
  996605  998896 1001118 1015055 1017328 1019514 1033107 1035267 1037406
 1051564 1053957 1056232 1069371 1078806 1088359 1097409 1099698 1101818
 1104087 1106507 1115197 1134006 1143095 1152226 1161437 1170450 1174612
 1179477 1183905 1188371 1192867 1197632 1202114 1206735 1211418 1216187
 1220741 1225258 1229691 1234164 1238832 1243487 1247967 1252682 1257339
 1261953 1271253 1280209 1282442 1284514 1298350 1300673 1302895 1316809
 1319004 1321055 1335350 1337460 1339551 1353296 1355306 1357767 1371889
 1374078 1376214 1380926 1385273 1389923 1392241 1394426 1396522 1398818
 1407937 1412227 1417226 1421632 1426107 1430628 1435368 1437646 1439898
 1449235 1453707 1458207 1462805 1467397 1471898 1474103 1476364 1485825
 1490341 1492546 1494857 1504228 1509025 1511318 1513480 1522558 1531623
 1536123 1538236 1540364 1542630 1544835 1554167 1570218 1578698 1587671
 1595121 1619878 1623564]